4
22
27
31
50
51
57
67
91
95
97
98
100
112
116
123
135
141
153
155
174
191
205
226
229
255
269
287
293
296
297
298
306
316
326
337
353
373
393
417
432
465
491
512
515
522
537
541
547
556
559
569
570
580
593
599
611
616
640
641
650
662
665
668
691
701
711
719
721
747
761
762
765
779
785
800
812
820
828
835
838
839
841
842
848
865
870
872
898
900
915
919
941
945
947
948
966
967
980
991
992
997
1005
1021
1033
1034
1046
1070
1072
1075
1078
1091
1096
1148
1152
1154
1161
1187
1200
1207
1209
1220
1234
1241
1243
1246
1257
1263
1266
1286
1292
1299
1311
1313
1321
1394
1431
1442
1451
1460
1483
1505
1506
1544
1567
1570
1576
1620
1621
1623
1628
1642
1661
1676
1706
1713
1717
1726
1727
1735
1741
1743
1760
1784
1786
1797
1805
1806
1808
1826
1850
1855
1890
1894
1915
1931
1944
1948
1954
1968
1972
2006
2028
2072
2082
2122
2130
2132
2133
2135
2139
2143
2157
2176
2188
2213
2215
2223
2257
2279
2298
2299
2310
2311
2324
2339
2341
2350
2351
2357
2362
2364
2391
2396
2407
2435
2440
2445
2470
2471
2473
2482
2495
2498
2516
2528
2541
2550
2555
2561
2589
2612
2639
2652
2660
2685
2688
2697
2713
2720
2730
2759
2765
2778
2782
2806
2814
2816
2827
2838
2849
2853
2872
2874
2878
2879
2880
2889
2915
2928
2929
2965
2985
2998
3014
3024
3031
3042
3045
3046
3050
3051
3066
3068
3073
3081
3086
3091
3097
3105
3113
3137
3156
3162
3172
3174
3202
3223
3224
3227
3235
3237
3240
